<?xml version="1.0" encoding="UTF-8" standalone="no"?>
<!-- Uploaded to: SVG Repo, www.svgrepo.com, Generator: SVG Repo Mixer Tools -->

<svg
   fill="#000000"
   version="1.1"
   id="Capa_1"
   width="800px"
   height="800px"
   viewBox="0 0 981.25 981.25"
   xml:space="preserve"
   sodipodi:docname="icon"
   inkscape:version="1.2.2 (732a01da63, 2022-12-09, custom)"
   xmlns:inkscape="http://www.inkscape.org/namespaces/inkscape"
   xmlns:sodipodi="http://sodipodi.sourceforge.net/DTD/sodipodi-0.dtd"
   xmlns="http://www.w3.org/2000/svg"
   xmlns:svg="http://www.w3.org/2000/svg"><defs
   id="defs216"><clipPath
     clipPathUnits="userSpaceOnUse"
     id="clipPath356"><path
       d="M 213.47223,914.85634 C 118.24375,819.05864 133.40337,732.23042 122.37227,717.76314 64.315648,641.62684 -3.6535313,361.70652 2.3149157,259.80396 16.751995,13.261114 245.93812,-12.271445 490.12872,-12.271445 c 77.56913,0 136.19773,13.5972334 208.73456,48.410607 50.99866,24.475934 155.05011,4.012763 203.87609,53.144517 87.32062,87.868261 37.93894,206.327961 45.47301,331.768541 4.99075,83.09315 -8.65554,147.78937 -48.52725,230.04651 -27.74147,57.23311 18.8717,104.95477 -46.80369,173.07566 0,0 -89.45037,66.83754 -130.95751,43.0998 l -59.87145,-59.87255 -59.87305,-59.87243 67.06364,-68.05619 c 69.24907,-70.2723 98.68398,-116.9876 108.5984,-172.35014 l 4.21591,-23.53753 h -78.39507 -78.39506 l -7.73533,18.67235 c -13.19579,31.85677 -56.97032,66.90387 -93.29704,74.69451 -51.41561,11.02661 -90.34158,-0.16938 -126.57565,-36.40358 -45.84174,-45.84144 -54.93502,-104.97019 -25.12629,-163.37463 14.45784,-28.32555 27.97471,-40.4011 63.02342,-56.299 66.26166,-30.0557 144.58165,-4.85895 175.9368,56.60028 l 12.50565,24.51349 h 78.33116 c 89.28399,0 86.11445,2.6716 64.88617,-54.68547 C 728.33332,242.24875 647.34542,175.01691 536.85394,156.06964 401.44543,132.84968 261.07653,216.92165 215.86901,348.31966 c -26.08005,75.804 -21.9264,144.72814 13.44978,223.13904 16.5171,36.61332 37.04723,59.48355 200.13012,222.95323 l 181.72635,182.15496 -58.17006,57.92761 c -31.9926,31.8601 -59.54716,57.9277 -61.23098,57.9277 -1.68543,0 -183.0751,-81.7682 -278.30199,-177.56586 z"
       style="fill:#c83737;stroke-width:6.27668"
       id="path358"
       sodipodi:nodetypes="cccsccscccccccccccscccccscccccccsc" /></clipPath></defs><sodipodi:namedview
   id="namedview214"
   pagecolor="#ffffff"
   bordercolor="#000000"
   borderopacity="0.25"
   inkscape:showpageshadow="2"
   inkscape:pageopacity="0.0"
   inkscape:pagecheckerboard="0"
   inkscape:deskcolor="#d1d1d1"
   showgrid="false"
   inkscape:zoom="1.28375"
   inkscape:cx="221.22687"
   inkscape:cy="400.77897"
   inkscape:window-width="2560"
   inkscape:window-height="1412"
   inkscape:window-x="5204"
   inkscape:window-y="0"
   inkscape:window-maximized="1"
   inkscape:current-layer="g211" />
<g
   id="g211"
   transform="translate(3.8640358,1.6646942)"
   clip-path="url(#clipPath356)">
	
<path
   style="fill:#2e94b9;fill-opacity:1;stroke:none;stroke-width:0;stroke-dasharray:none"
   d="M 482.33594,977.42031 C 472.59181,975.16286 447.3521,967.18808 432.42655,961.65104 363.19908,935.96878 306.80709,901.15688 255.09791,852.18252 126.97219,730.83314 50.763811,531.67837 37.633151,283.88351 c -1.70894,-32.25025 -2.27771,-75.3523 -1.1032,-83.60212 1.95001,-13.69696 8.72996,-24.86673 19.43161,-32.01302 7.17818,-4.79341 15.41515,-7.24405 28.90601,-8.60002 45.987279,-4.62224 98.662249,-16.2017 147.617459,-32.45054 40.6974,-13.50797 72.09018,-26.50296 113.22115,-46.867712 C 388.5298,59.14729 425.01431,37.7415 461.6488,12.325539 478.70948,0.48933198 483.52426,-1.801016 491.32573,-1.791539 c 7.3303,0.0089 11.23665,1.70066098 23.8307,10.320587 78.9474,54.035082 150.89931,90.579412 230.88448,117.266082 51.25646,17.10148 95.94005,27.26022 146.662,33.34335 10.77273,1.29199 21.50321,3.02844 23.84553,3.85876 13.32704,4.72429 24.75105,17.26905 28.31905,31.09726 1.41427,5.48122 1.53163,10.65499 1.02886,45.36046 -0.86286,59.56258 -4.32248,103.78028 -12.65662,161.76532 -27.84041,193.70096 -98.90253,349.35381 -205.89675,450.99165 l -10.09884,9.59328 -57.25054,-57.25649 -57.25053,-57.2565 10.0166,-10.27818 c 5.50912,-5.653 22.29851,-22.74682 37.30976,-37.9863 42.45613,-43.10163 57.64493,-59.72894 75.49648,-82.64666 24.91796,-31.98951 42.23235,-66.05859 49.63304,-97.66157 1.73296,-7.40025 6.65687,-33.53251 6.66737,-35.38524 0.002,-0.39412 -35.41875,-0.71658 -78.71327,-0.71658 H 624.4357 l -2.62678,6.4493 c -5.30215,13.01789 -11.95623,25.72581 -16.88481,32.24654 -18.28274,24.18879 -51.47775,47.28119 -77.55236,53.94996 -18.60529,4.75842 -42.57123,6.13226 -59.38924,3.40446 -25.34361,-4.11062 -48.2831,-16.77795 -70.19857,-38.76412 -36.50763,-36.62537 -49.83252,-80.26995 -38.70175,-126.7642 5.82182,-24.31823 19.66821,-51.06529 33.68019,-65.05999 18.09322,-18.07093 54.0973,-34.59424 83.84084,-38.47697 10.83895,-1.41492 32.80406,-0.66246 42.99539,1.4729 26.60647,5.57477 50.78153,18.34286 68.52802,36.19311 10.23424,10.29408 18.38042,22.38206 27.62891,40.99804 l 7.00141,14.09294 62.1197,-8.1e-4 c 35.23045,-4.4e-4 66.60878,-0.42648 72.4904,-0.98423 24.74475,-2.34649 26.74273,-7.77959 14.87156,-40.44033 -8.46555,-23.29104 -11.35479,-30.26933 -19.04492,-45.99856 -32.347,-66.16202 -84.44998,-114.76801 -151.42615,-141.26291 -27.35156,-10.81992 -56.86706,-18.01652 -85.26321,-20.78927 -16.40844,-1.60219 -52.02268,-0.58237 -67.60924,1.93601 -91.32741,14.75619 -169.73694,69.22216 -214.50176,149.00036 -18.28329,32.58379 -31.62508,76.35381 -35.27874,115.73789 -4.75367,51.2415 7.33609,109.2063 33.51645,160.69592 17.02923,33.49186 35.13721,53.08976 224.06791,242.5042 68.403,68.57814 124.38511,125.11749 124.40469,125.64298 0.0908,2.4344 -51.45198,21.18937 -74.72179,27.18924 -11.50337,2.966 -17.25385,3.4037 -24.04591,1.83016 z"
   id="path429"
   inkscape:export-filename="../8455827d/logo.png"
   inkscape:export-xdpi="96"
   inkscape:export-ydpi="96" /></g>
</svg>
